6_이상준:45	56	25	23	48
14_윤상현:3	17	51	48	28
14_이현준:8	87	1	50	11
5_조준석:74	56	95	61	86
5_임현우:12	70	17	59	94
3_윤현현:40	46	35	27	81
10_김민준:73	53	79	22	81
2_임지훈:54	52	99	5	14
1_윤민준:99	14	16	69	72
1_윤영혁:46	36	21	27	55
13_장정재:34	28	51	17	69
6_강도민:26	52	46	28	12
13_최준훈:51	37	73	20	20
1_김영우:38	61	11	65	23
1_강현현:89	85	36	68	38
10_조상민:97	31	88	11	82
12_최도수:40	38	64	84	27
14_김현재:74	59	4	80	36
12_임지호:58	92	76	35	61
5_최도민:90	95	69	2	76
14_최도호:59	59	81	62	71
10_정도혁:13	86	92	53	88
13_박현훈:98	57	75	71	94
3_윤지수:28	15	47	24	9
13_정승현:88	71	85	39	99
11_임영석:22	83	5	36	100
4_김동현:67	51	82	65	35
12_박영준:76	91	3	87	2
12_장지준:30	78	47	82	44
1_장도준:45	13	40	82	65
2_임동석:44	47	40	17	10
11_장영혁:10	22	46	26	46
7_장정재1:37	85	67	89	52
13_장준혁:54	23	21	77	56
11_정정민:15	78	14	97	51
6_장동수:99	73	10	61	42
4_박지재:50	79	30	28	55
9_정민재:66	4	44	24	92
11_박준석:74	9	73	25	88
9_장민수:74	8	72	73	70
5_장현혁:20	100	75	26	43
12_장지훈:39	47	76	74	20
10_조현민:92	54	78	76	9
6_임민우:91	66	26	34	57
9_장승준:90	93	12	87	42
3_조지현:19	76	89	35	92
4_임준민:1	44	55	38	68
8_이지재:12	62	32	82	94
14_최민호:39	19	17	78	8
4_정도수:30	96	84	21	54
1_최정재:16	79	53	80	55
8_임현준:6	44	32	83	11
5_임지민:88	15	48	84	29
10_윤도석:100	100	89	97	54
11_김정민:86	96	0	23	65
9_정현우:81	64	46	76	49
13_최상우:5	25	49	38	94
2_임동준:65	60	24	47	66
7_윤상혁:65	94	18	94	34
8_박도수:70	42	75	9	19
1_강준수:68	2	24	65	82
2_윤민우:94	79	34	64	97
1_임준수:21	34	20	88	83
12_이민재:97	52	96	39	65
12_윤지훈:6	12	100	36	21
5_조정재:57	51	38	53	22
13_조승준:35	46	27	20	100
1_정준현:77	10	74	97	7
4_장승민:24	41	43	43	49
3_조정현:47	89	100	36	79
4_강승석:31	83	76	1	17
9_박현혁:68	14	82	81	42
6_임영재:5	28	55	55	76
5_김민훈:93	66	49	9	88
9_최정현:99	10	72	28	34
14_임현민:83	85	100	7	27
3_윤상호:80	35	20	47	26
13_최동우:80	5	1	30	53
1_강준호:21	11	60	92	84
10_박정우:95	58	34	56	77
9_강민준:16	65	93	11	29
12_윤도혁:77	70	96	55	0
11_윤정우:56	49	5	92	80
12_정영수:57	40	35	85	42
3_이동호:13	45	58	79	43
6_임지혁:96	1	11	47	0
11_윤정수:3	36	24	33	66
12_최정재1:5	62	81	7	15
2_박민석:56	22	13	92	28
14_조정수:83	38	65	56	86
6_정상석:15	95	44	99	56
12_박지혁:57	46	84	29	93
13_정도수1:38	52	35	28	32
3_조승우:59	47	65	5	32
6_이도훈:23	82	91	66	95
11_박상준:91	99	9	2	2
7_박민석1:16	28	31	55	12
12_강준민:16	38	16	24	62
3_윤현혁:41	16	10	32	77
11_정영재:63	4	58	89	28
1_김정수:95	51	78	82	40
7_최준재:36	8	27	56	87
4_최동호:79	93	57	84	70
9_임현석:82	85	6	33	5
8_임동민:67	57	89	4	52
1_윤민우1:86	16	31	53	87
2_임영호:98	31	72	5	64
2_강준현:35	19	73	48	22
6_장현현:90	16	6	76	0
3_최준석:67	89	16	89	62
11_정준혁:94	22	14	90	52
5_최도석:22	43	28	6	87
7_박상석:71	71	6	58	5
7_강현재:69	80	59	23	11
13_조도수:7	55	21	4	58
7_임정민:82	13	46	69	23
12_최영호:70	14	74	89	70
14_이동재:76	60	94	57	77
12_이승우:96	3	5	91	95
4_박정준:10	28	67	3	7
4_조동우:79	69	34	27	23
11_임민석:1	96	11	23	50
12_박지석:28	81	15	13	97
2_박승민:56	5	57	36	24
9_최정호:7	92	6	43	94
6_조승우1:38	79	42	14	88
8_박승우:81	42	48	100	32
14_장상현:11	31	11	33	54
2_윤준혁:98	31	2	98	100
8_김준혁:100	42	3	37	4
8_조영호:79	1	75	11	86
1_강현수:23	34	10	21	60
14_윤상호1:34	23	91	28	18
5_윤준재:43	65	30	13	65
1_강승우:78	69	6	3	14
13_김현현:69	14	21	40	69
2_조정호:90	96	11	2	56
14_박정현:38	16	34	23	77
7_이승석:49	93	54	24	60
7_박민우:71	87	11	38	30
12_김승혁:25	70	88	83	13
13_강승훈:8	34	30	13	93
10_윤동혁:62	19	69	32	64
5_조정호1:39	14	94	79	25
14_이현수:1	4	63	100	79
9_박영석:15	11	69	65	75
7_장동석:81	61	39	26	2
13_강지민:96	57	78	4	68
3_장영수:69	21	1	8	11
7_윤도혁1:90	75	82	0	53
2_강준현1:43	89	18	39	58
5_이승훈:50	15	53	70	28
4_윤지수1:53	38	85	0	41
9_정지호:29	56	50	78	56
12_정동호:78	96	43	73	7
7_최민현:28	97	87	41	88
8_정도우:67	5	76	96	25
14_김영민:77	49	69	46	54
1_이준혁:53	63	95	81	9
1_임정훈:40	95	26	93	38
2_김민현:7	43	68	20	38
11_김상석:4	2	2	76	1
2_임민혁:7	37	7	46	47
9_정동수:56	8	94	26	70
7_김지준:91	25	68	93	95
12_강지재:99	36	79	93	49
6_정승수:60	90	98	77	18
2_강동혁:19	88	42	84	60
1_김도수:12	99	89	64	9
12_임민호:44	77	9	3	62
4_김승우:72	11	2	29	100
14_김정석:28	38	5	42	72
12_장정혁:55	44	63	99	86
9_조승수:40	99	7	27	43
6_박영준1:88	39	18	84	23
8_정민우:1	11	46	37	43
12_박동민:5	53	62	41	7
12_윤영재:10	40	66	40	56
8_이동재1:51	45	19	88	74
2_강승혁:36	42	70	79	82
5_박도우:46	67	50	15	34
2_박지재1:3	7	73	43	95
1_조현준:74	76	62	55	3
9_박현훈1:89	91	65	44	85
6_윤정수1:23	57	61	100	36
6_이정수:28	21	38	49	15
10_박승우1:41	93	30	49	40
6_김도우:36	24	83	8	16
9_윤상재:5	77	80	35	78
11_정지수:64	97	8	81	43
14_임승재:97	85	52	52	25
6_장도준1:82	91	53	7	57
1_정현호:76	15	17	91	2
2_임상혁:100	77	33	35	47
8_최민재:9	45	96	14	78
9_임상현:45	43	65	59	99
12_최도호1:78	13	48	13	52
5_정현재:51	95	47	26	67
12_박영혁:0	21	54	95	86
8_박현우:93	64	6	9	4
13_박승현:45	99	25	45	53
10_정영현:24	80	35	30	69
2_장도수:73	63	6	45	57
9_윤정혁:98	84	2	62	86
7_윤준준:36	76	69	50	35
5_김상호:98	23	62	59	16
1_김준혁1:100	17	74	44	70
10_정승석:22	86	47	48	29
2_김영현:85	61	56	35	54
4_조영석:61	81	96	63	71
7_정영우:33	31	84	85	84
14_임준준:75	17	31	98	10
6_김도석:94	28	87	63	28
9_장정수:74	95	63	84	11
5_이정민:71	98	75	48	82
11_최지호:30	83	25	46	75
9_임현재:37	63	68	87	74
10_김영석:53	2	100	5	47
4_조동훈:21	71	14	92	94
10_이준훈:62	50	78	88	1
6_박현현:37	93	6	51	10
9_김영호:29	13	92	33	47
4_윤준우:60	93	10	35	57
12_정준준:19	52	56	70	85
13_이현현:15	84	54	48	94
1_이동호1:95	85	8	66	76
12_강영석:87	4	33	1	88
8_김정재:64	73	80	19	87
13_박민현:84	77	2	74	67
3_조민현:8	95	13	53	75
2_장승우:39	82	88	32	13
2_장도수1:40	69	41	50	60
1_이영석:89	18	95	17	9
14_윤승훈:37	86	10	91	28
11_윤민혁:25	12	45	19	43
9_강상석:69	18	20	4	5
14_장도혁:68	80	2	98	100
2_조영현:13	56	91	57	22
4_조민재:45	25	47	15	15
11_강정훈:23	45	93	82	36
13_조준민:29	39	97	80	7
6_임승준:40	74	13	63	19
14_이정훈:37	23	58	0	39
12_임지준:20	6	27	1	71
7_최정우:31	87	78	57	79
1_정현혁:63	44	61	95	35
1_이준훈1:92	55	31	18	33
10_김준혁2:99	54	12	49	76
8_장민우:69	88	95	79	54
13_강민훈:17	6	61	99	31
2_김지석:0	82	73	34	43
6_임정현:21	99	40	8	56
8_정지혁:48	98	64	8	80
13_조준혁:100	15	2	2	91
8_강현훈:33	5	92	21	93
9_정도호:6	72	42	82	55
5_박정혁:10	38	60	16	37
14_강정현:61	88	30	65	84
12_장영재:26	65	33	18	78
13_박지수:16	1	32	17	17
10_정민수:5	6	31	41	1
3_정도혁1:71	52	60	28	37
12_김동호:8	44	29	26	12
5_이정재:14	63	96	71	6
10_임영민:13	96	23	89	93
3_윤승혁:1	16	52	98	71
7_윤도수:54	21	78	22	29
14_정승현1:65	73	21	72	56
9_강지수:15	92	65	33	24
8_최정석:93	67	56	22	84
1_정준수:43	95	78	6	54
11_강정석:0	13	35	45	79
9_정동준:79	80	24	78	100
10_김동민:21	98	49	81	88
8_조준혁1:4	9	2	61	1
14_박동재:41	18	79	94	32
1_윤도훈:22	67	22	32	1
7_박지민:46	7	10	13	98
1_최상훈:81	85	17	81	97
11_강지우:91	97	18	44	67
6_최준호:4	23	86	2	11
14_김준수:35	45	64	36	95
13_임정재:98	43	52	63	4
7_장영석:74	13	0	67	67
1_김준우:9	19	92	17	79
5_최현혁:65	92	86	1	41
14_최지호1:41	27	22	25	57
13_임정재1:56	90	23	88	79
14_강정우:83	6	12	31	27
12_강승우1:93	24	72	76	16
3_박지혁1:1	72	68	98	47
6_김승석:62	48	67	9	43
7_조승우2:3	43	95	13	69
9_이동준:50	78	73	96	99
6_임민수:70	80	53	79	78
2_조동훈1:35	39	19	67	17
11_조현현:98	12	35	90	14
11_장준민:19	6	94	48	21
4_강지우1:92	91	97	68	63
8_임동석1:59	41	41	39	84
2_박영준2:52	19	57	69	26
14_박민민:6	36	97	74	90
13_임승훈:73	100	33	15	70
12_조동준:86	59	46	7	98
8_김준우1:24	74	41	18	88
5_정민호:100	29	64	24	3
9_박영호:32	100	99	93	67
6_임민혁1:22	40	91	86	26
9_김지석1:61	66	9	12	94
8_김현준:40	46	25	50	17
14_최민훈:0	35	6	38	97
1_정상민:68	88	82	13	27
5_정승현2:100	57	0	22	67
7_박영훈:91	67	66	63	24
11_임준우:8	24	42	56	9
6_박상우:73	0	93	62	61
2_이지현:63	65	47	29	33
6_박상훈:32	24	80	33	97
6_정준준1:2	11	69	14	38
2_정동호1:32	54	59	37	88
4_이현혁:69	57	31	27	24
10_이도호:73	29	51	68	47
8_강지재1:98	13	69	53	52
14_조영석1:69	39	60	84	83
14_윤현혁1:19	76	37	46	79
1_이상준1:77	85	76	1	46
12_조상훈:25	98	17	67	60
5_강정우1:54	69	86	16	38
6_강동준:51	62	30	63	46
1_정상재:97	62	17	17	21
3_이도민:68	99	68	31	44
13_김동호1:43	25	23	95	2
2_이민호:55	39	20	96	84
1_장상혁:18	26	1	21	90
7_윤준훈:72	15	25	55	38
12_강동석:31	7	11	63	76
1_김현재1:36	21	11	24	13
11_강동훈:63	48	32	19	67
14_윤민혁1:34	18	57	59	47
10_이승현:17	62	39	81	40
10_조지혁:55	63	36	73	55
3_강도수:15	85	98	13	30
5_조영재:30	2	53	36	38
7_김영수:65	63	46	58	57
11_정동혁:39	57	39	8	39
13_박승재:41	91	23	57	43
9_최도현:56	64	19	78	81
7_강도훈:86	36	46	58	34
7_박준혁:92	10	92	18	75
9_장민호:98	75	65	72	13
8_강도훈1:46	91	0	24	79
7_장영준:87	14	4	85	21
13_장승준1:74	62	6	44	47
10_박승훈:33	62	17	37	59
6_김상재:70	90	40	68	13
4_임정훈1:33	41	45	11	83
11_장민우1:97	35	11	29	84
11_김현수:58	21	58	92	90
12_강현훈1:67	71	5	28	5
10_최준석1:94	88	60	14	98
7_정지우:41	27	95	16	46
10_조승재:57	74	57	22	98
4_이지훈:91	33	81	74	17
14_장민혁:34	65	87	60	32
10_장승현:63	49	49	99	99
11_이동우:3	49	67	50	18
5_임민현:46	42	96	97	70
14_정영우1:86	50	32	70	28
12_장준호:62	8	27	98	5
13_김영민1:31	44	47	24	93
6_조지재:9	95	17	68	75
10_박현훈2:83	36	63	95	89
9_정상현:100	80	64	25	12
3_이정민1:36	61	84	49	15
4_강도현:80	100	17	91	99
9_조도훈:66	68	42	95	17
11_임상호:19	5	8	57	92
2_최준준:30	4	16	79	53
14_장준준:5	50	32	85	56
13_이준석:9	76	60	12	38
13_장정민:83	0	55	2	22
7_장영호:25	10	61	21	59
3_박도수1:48	26	89	80	44
8_임정준:85	89	88	72	27
1_조도호:22	27	83	48	37
10_윤영준:81	28	56	78	29
13_장준준1:12	5	51	95	91
5_김영우1:100	19	21	22	0
1_강지재2:83	58	22	33	84
11_정상민1:0	85	96	5	1
9_윤현현1:29	4	26	87	0
14_장지석:63	96	51	73	46
10_조민수:27	70	59	6	75
1_강민민:11	77	77	80	12
6_김승수:25	60	72	74	8
12_박동우:82	92	19	34	56
2_장민재:19	13	13	44	9
1_임영훈:46	27	71	16	83
1_정현수:100	70	48	41	9
14_최준석2:4	3	27	65	32
4_박승수:49	97	37	5	72
11_정도준:55	29	25	77	96
2_윤승수:66	99	25	87	24
14_박민혁:71	18	95	8	63
1_강영준:42	85	11	10	60
6_김정현:41	57	86	56	64
8_강정재:82	93	85	41	49
13_최승현:76	65	54	34	41
3_윤정우1:88	59	64	23	47
9_조영민:33	70	60	82	45
4_최정현1:10	93	80	2	13
13_윤지우:85	100	28	67	83
8_박도재:96	64	36	71	91
7_윤동준:39	7	76	86	4
10_이준호:77	72	89	59	82
9_박도훈:72	31	38	87	71
6_장영호1:93	45	24	62	24
4_강정수:38	88	52	42	24
1_최승준:99	91	41	32	77
1_최도혁:62	69	57	16	58
4_박현훈3:10	7	45	18	67
12_최상준:77	6	36	23	100
5_정영훈:7	43	99	27	32
7_김도훈:96	19	80	24	62
13_조상민1:58	60	36	66	81
4_장지재:85	19	54	2	29
9_강준민1:36	28	83	4	9
8_박동재1:30	8	3	75	78
3_김영석1:12	47	29	77	26
8_정동호2:1	26	3	67	46
8_박영민:45	23	28	65	31
11_장민민:71	3	37	18	82
1_강정혁:55	37	0	23	62
3_김도수1:94	0	12	9	30
14_조지준:51	94	76	34	87
2_이영수:77	94	40	65	24
12_강민혁:34	12	88	74	74
9_김도석1:70	44	38	80	0
11_조승현:96	89	5	69	70
4_이민민:39	87	62	2	29
5_최준수:63	55	23	18	28
9_최준호1:42	78	14	61	11
7_장준훈:72	18	55	3	98
13_장현혁1:24	21	41	3	53
6_임정수:28	63	0	71	75
2_이정우:51	70	55	80	95
7_최상준1:52	27	15	33	75
4_박민민1:44	78	66	45	16
1_임동재:1	63	71	91	15
7_정도수2:99	63	79	15	33
5_임현혁:19	72	50	84	63
6_박동석:13	38	83	7	88
8_이도훈1:13	50	5	77	7
8_김동혁:42	84	32	50	82
10_윤영훈:28	52	17	68	92
6_강도수1:88	41	77	57	79
8_윤동우:37	94	78	89	32
4_최정훈:23	8	70	73	40
6_윤동수:7	59	84	98	60
13_최현재:13	31	33	27	85
9_강승우2:23	33	54	0	82
1_조준혁2:8	1	0	29	59
6_조도민:56	50	91	70	50
14_김승준:21	20	46	36	88
13_윤도민:83	21	2	81	44
8_최영수:98	73	26	78	6
14_강영현:18	69	80	48	30
13_정영수1:69	47	42	52	28
1_임승현:37	38	73	60	6
10_윤상호2:49	69	47	48	4
13_장지수:20	75	56	30	53
10_정지수1:3	73	63	39	52
5_최현준:59	86	81	84	11
10_강동혁1:41	22	66	47	78
3_강영현1:16	51	47	0	47
8_조상준:75	59	50	54	42
11_이현민:6	51	8	18	91
4_최현재1:4	6	38	23	98
3_조현훈:16	87	49	64	62
6_박현훈4:93	74	89	65	18
9_김현민:18	69	76	62	6
6_박정재:43	1	99	43	91
13_정도수3:6	31	78	81	10
7_이동재2:12	42	20	34	11
5_강도훈2:5	82	39	79	40
13_강준호1:60	1	52	47	52
14_최지훈:84	27	57	1	34
12_장민현:38	96	27	53	79
12_장민민1:47	45	62	91	50
10_박민준:55	28	78	10	81
10_정영혁:42	9	25	35	49
8_박민석2:22	46	47	81	46
14_강도호:99	20	54	9	25
5_박준현:92	72	21	62	66
4_임준훈:57	66	29	70	41
3_조현혁:25	56	66	40	90
4_윤현재:73	1	52	19	52
2_정도훈:35	70	48	51	76
10_조승석:72	72	91	96	75
7_박승우2:65	31	28	26	87
9_정민호1:17	92	68	85	26
10_강상민:71	50	55	43	98
4_이동수:35	69	66	93	31
2_김지재:19	14	30	81	79
8_윤준재1:50	12	11	24	62
6_박민훈:88	83	100	33	48
1_박정훈:68	56	58	42	51
11_조현수:5	68	51	48	17
3_강도석:53	30	13	67	2
13_조민민:73	75	91	18	92
14_강승석1:58	62	15	44	15
8_윤도재:67	38	57	22	55
5_김현석:32	10	41	99	61
7_최동훈:96	41	38	28	25
5_조현훈1:0	79	59	21	28
9_임민재:9	34	26	54	78
11_이현현1:69	42	98	36	93
2_이지민:65	37	94	87	17
13_김영수1:9	86	49	17	77
13_김영훈:26	10	63	40	95
12_조현준1:21	82	24	44	0
9_이도수:37	93	34	4	88
10_이지재1:50	32	79	4	38
13_조정현1:3	51	26	30	2
13_김민재:16	4	30	67	100
11_임준수1:15	34	13	91	21
1_박준민:6	31	33	22	69
5_김도현:12	8	50	51	18
10_임동재1:12	40	85	25	65
9_윤도훈1:94	31	79	82	27
5_정동재:59	39	82	18	23
5_강지석:60	82	34	80	30
13_정도혁2:16	3	40	79	81
7_장상혁1:20	26	21	46	97
14_박도혁:76	66	5	88	92
13_강정혁1:85	26	75	81	5
12_박영민1:96	15	5	10	73
4_박정훈1:83	29	38	84	23
11_윤승우:44	34	51	86	70
3_윤민현:38	74	27	33	46
9_박정준1:41	4	79	61	20
13_김동우:6	9	2	30	77
11_정도혁3:5	6	52	67	24
1_임준우1:47	8	22	88	65
10_장민우2:22	91	77	49	36
2_조정재1:92	13	2	78	91
11_임민수1:44	33	99	89	84
1_박현준:68	82	95	59	38
7_최정재2:73	50	20	0	54
14_이영호:68	61	60	26	59